# A branching spiral, rendered to 128 iterations
# More interesting than before
type: mandelbrot
pixels: 640
iterations: 128
centerx: 0.354957789387306
centery: -0.338644137198173
axislength: 5.05822370716613e-06
