# A branching spiral, rendered to 64 iterations
# Don't adjust your screen - there really is nothing to see here
type: mandelbrot
pixels: 640
iterations: 64
centerx: 0.354957789387306
centery: -0.338644137198173
axislength: 5.05822370716613e-06
